data
848.50
883.42
880.50
862.84
803.84
785.79
735.34
803.57
835.09
834.84
878.06
895.92
932.70
1011.36
965.68
911.30
970.21
1008.16
1111.29
1083.33
1221.01
1158.11
1297.44
1379.37
1399.83
1371.59
1359.60
1419.73
1317.70
1295.15
1297.82
1352.74
1371.41
1364.55
1432.21
1434.46
1360.23
1417.34
1452.55
1542.24
1700.91
1743.60
1933.27
1873.24
1946.48
2064.85
1906.00
1897.13
1624.68
1711.62
1703.99
1825.47
1852.02
1674.92
1594.67
1474.24
1448.06
1113.06
1076.07
1124.47
1162.11
1063.03
1206.26
1369.36
1395.89
1394.53
1557.29
1591.85
1673.14
1580.69
1555.60
1682.77
1602.43
1594.58
1692.85
1741.56
1641.25
1698.29
1759.33
1742.75
1872.81
1882.95
1904.63
2051.00
2069.73
1939.30
2106.70
2192.36
2142.47
2100.69
2133.21
1880.11
1769.65
1909.03
1847.51
1825.74
1955.79
2030.25
2014.04
1981.99