data
20.9
21.6
20.7
20.9
21.4
23.1
23.3
23.7
22.5
23.0 
23.0
22.2
24.2
23.7
23.2
22.6
23.4
24.8
23.7
23.5 
23.6
24.9
26.0
25.4
25.7
24.3
26.2
27.8
26.5
24.6 
24.8
25.3
25.9
21.9
21.6
24.0
22.7
24.4
22.7
20.9 
24.8
25.8
26.3
25.9
23.3
24.7
26.1
22.8
19.7
21.7 
25.5
26.3
23.9
25.6
27.5
27.2
27.6
27.8
27.9
28.1 
27.9
28.5
29.2
28.4
29.0
30.8
30.8
31.3
31.7
31.8 
31.5
30.7
29.6
29.7
27.4
27.7
25.5
26.6
26.7
23.7 
26.0
27.5
27.2
27.9
25.4
25.3
22.0
23.0
23.3
25.0 
27.5
28.5
26.1
25.7
21.4
23.8
25.2
25.0
24.9
22.0 